00111100000010000000000000000000
00110100000010000000000000000000 
10001101000100000000000000000000
10001101000100010000000000000001
10001101000100100000000000000010
10001101000100110000000000000011
10001101000101000000000000000100
10001101000101010000000000000101
10001101000101100000000000000110
10001101000101110000000000000111
00100000000010010000000000000011
00100000000010100000000000000000
00111100000010000000000000000000
00110101000010000000000000001000
10001101000010110000000000000000 #repetir
00000010000010110010000000101010
00010000100000000000000000011000
00000001011100010010000000101010
00010000100000000000000000010000
00111100000011000000000000000000
00110101100011000000000000001011
10001101100110000000000000000000
00010011000000000000000000000100
00100000000001010000000000000001
00111100000011110000000000000000
00110101111011110000001000000000
10101101111001010000000000000000
00111100000011000000000000000000 #salirLLantoFuerte
00110101100011000000000000001100
10001101100110000000000000000000
00010011000000000000000000000100
00100000000001010000000000000010
00111100000011110000000000000000
00110101111011110000001000000000
10101101111001010000000000000000
00000010010010110010000000101010 #salirMimir
00010000100000000000000000000010
00000001011100110010000000101010
00010100100000000000000000000100
00000010100010110010000000101010 #segundoRangoDiversion
00010000100000000000000000011010
00000001011101010010000000101010
00010000100000000000000000011000
00111100000011000000000000000000 #logicaDiversion
00110101100011000000000000001101
10001101100110000000000000000000
00010011000000000000000000000100
00100000000001010000000000000001
00111100000011110000000000000000
00110101111011110000001000000001
10101101111001010000000000000000
00111100000011000000000000000000 #salirMusica
00110101100011000000000000001110
10001101100110000000000000000000
00010011000000000000000000000100
00100000000001010000000000000001
00111100000011110000000000000000
00110101111011110000001000000010
10101101111001010000000000000000
00111100000011000000000000000000 #salirMovil
00110101100011000000000000001111
10001101100110000000000000000000
00010011000000000000000000000100
00100000000001010000000000000001
00111100000011110000000000000000
00110101111011110000001000000011
10101101111001010000000000000000
00000010110010110010000000101010 #salirDiversion
00010000100000000000000000001010
00000001011101110010000000101010
00010000100000000000000000001000
00111100000011000000000000000000
00110101100011000000000000001100
10001101100110000000000000000000
00010011000000000000000000000100
00100000000001010000000000000010
00111100000011110000000000000000
00110101111011110000001000000001
10101101111001010000000000000000
00100001000010000000000000000100 #salirArrullo
00100001010010100000000000000001
bne t2, t1, repetir