00000000000000001000000000100000 
00000000000000000100000000100000
10001101000100010000000000000000
10001101000100100000000000000001
10001101000100110000000000000010
10001101000101000000000000000011
10001101000101010000000000000100
10001101000101100000000000000101
00000010000100100100100000101010 
00000010001100000101000000101010
00000001001010100101100000100100
00010001011000000000000000000111
10001101000101110000000000000110
00100000000010010000000000000001
00010001001101110000000000000001
00001000000000000000000000010001
00100000000011110000000000000100
00100000000110000000000000001111
00100000000110010000000000000001         
00000010000101100100100000101010
00000010101100000101000000101010
00000001001010100101100000100100
00010001011000000000000000001001
10001101000101110000000000000110
00100000000010010000000000000010
00010001001101110000000000011011
00001000000000000000000000011100
00100000000011110000000000000001
00100000000010010000000000000001
00000001001011110101000000100100
00000000000010101100000000100000
00100000000110010000000000000010
00000010000101000100100000101010
00000010011100000101000000101010
00000001001010100101100000100100
00010001011000000000000000001011
10001101000101110000000000000111
00100000000010010000000000000001
00010001001101110000000000000001
00001000000000000000000000101001
00100000000011110000000000000010
00100000000010010000000000000010
00010001001101110000000000000001
00001000000000000000000000101101
00100000000011110000000000000011
00000000000101111100000000100000
00100000000110010000000000000100
10101101000011110000000001100100
10101101000110000000000001100101
10101101000110010000000001100110 
00100010000100000000000000000001   
00100000000010010000000000011001
00010001001100000000000000000001
00001000000000000000000000001000
00000000000000001000000000100000
00001000000000000000000000001000